3.469026548672566435e+00 8.203445447087777398e-02 0.000000000000000000e+00 0.000000000000000000e+00 0.000000000000000000e+00 0.000000000000000000e+00 0.000000000000000000e+00 0.000000000000000000e+00 0.000000000000000000e+00 0.000000000000000000e+00
2.495069532237673826e+01 4.937448728465955838e+00 5.514514618666112034e-01 3.698420246209119244e-02 0.000000000000000000e+00 0.000000000000000000e+00 0.000000000000000000e+00 0.000000000000000000e+00 0.000000000000000000e+00 0.000000000000000000e+00
3.015929203539822723e+01 1.997026251025430810e+01 6.669441265216938142e+00 1.378982406086542989e+00 1.985830828681837690e-01 1.637912207905656281e-02 0.000000000000000000e+00 0.000000000000000000e+00 0.000000000000000000e+00 0.000000000000000000e+00
1.885208596713021478e+01 2.726620180475800126e+01 2.137134533347206400e+01 1.133829978337824329e+01 3.977028767711464408e+00 1.031884690980563457e+00 1.445408049810985029e-01 1.133337111123703701e-02 0.000000000000000000e+00 0.000000000000000000e+00
8.101137800252844912e+00 1.699651353568498635e+01 2.218811778170845628e+01 2.032017752417181811e+01 1.456633748389866945e+01 7.916575671544006099e+00 3.257727373804758741e+00 9.350031166770556013e-01 2.197929319220313371e-01 8.277656240761543938e-02
4.414664981036662716e+00 1.000820344544708718e+01 1.650192487774425132e+01 1.999260315950758127e+01 2.031987977672820733e+01 1.736186940379995747e+01 1.226929063820324650e+01 7.366691222304074138e+00 3.568743131470877294e+00 1.507715958138709844e+00
2.548672566371681381e+00 5.639868744872846840e+00 9.005306419727396872e+00 1.404871347810006910e+01 1.716401889222842314e+01 1.861214238916793917e+01 1.782855236824549650e+01 1.521505071683572297e+01 1.131355196946035058e+01 7.579968071897356552e+00
1.795195954487989853e+00 3.599261689909762030e+00 5.816252211008219319e+00 8.395413958894701878e+00 1.170566766852726381e+01 1.446822450316662945e+01 1.712252612853012934e+01 1.758939196463988353e+01 1.638035745271560017e+01 1.390646248447939470e+01
1.335018963337547326e+00 2.778917145200984429e+00 4.531266257413380849e+00 5.943889681407513059e+00 8.276084156290252736e+00 1.078838174273858996e+01 1.283633533466755594e+01 1.492038306794355940e+01 1.686043148822950855e+01 1.711701058357476413e+01
8.445006321112515923e-01 1.866283839212469209e+00 2.908126105504109660e+00 4.242616368151318262e+00 5.302705023615285285e+00 6.862852151124700484e+00 8.527907493884811174e+00 1.062503541678472274e+01 1.264387761004106636e+01 1.445042275172943924e+01
8.091024020227559621e-01 1.394585726004922144e+00 2.361877015919259026e+00 3.450097743963649766e+00 4.427866036925719229e+00 5.481546189124262725e+00 6.732265955081165210e+00 7.995693318977729724e+00 9.132974723812829154e+00 1.080234139419381556e+01
5.967130214917826248e-01 1.245898277276456190e+00 1.779211320362085180e+00 2.319437840122576144e+00 3.069987118935165071e+00 3.920069884254204329e+00 5.020013342228152098e+00 5.972686575621918514e+00 7.114350164844698732e+00 8.259918405959911780e+00
4.905183312262957895e-01 9.228876127973748567e-01 1.409842888357090818e+00 2.055264965393353460e+00 2.678188063546586672e+00 3.253985586372570182e+00 3.808094285078941876e+00 4.680682268940896229e+00 5.552663543293423487e+00 6.415183586590196718e+00
3.944374209860935787e-01 6.870385561936013241e-01 1.071688690042659431e+00 1.468801183494478746e+00 1.980463718334048773e+00 2.374972701463201830e+00 2.918612408272181380e+00 3.394344647815492610e+00 4.176065706518595100e+00 4.824691066043871324e+00
3.286978508217446304e-01 6.101312551271533824e-01 1.014462594943294160e+00 1.225762138743593743e+00 1.626234435379991350e+00 1.839921380214020630e+00 2.312652879697576047e+00 2.652008840029466796e+00 3.140725316675342604e+00 3.748595754744870501e+00
2.629582806573956821e-01 6.050041017227235640e-01 8.635937987722401843e-01 1.120092988851904670e+00 1.449119793902962527e+00 1.899978161170561286e+00 2.279297309317322551e+00 2.584008613362044571e+00 2.967204580947423231e+00 3.458877786318216518e+00
2.528445006321112798e-01 4.922067268252666161e-01 7.543439808552699910e-01 9.404554340360332665e-01 1.212966938600257727e+00 1.441362742956977527e+00 1.823437847453858174e+00 2.176007253357511217e+00 2.435074324715136740e+00 2.548335599834446796e+00
1.871049304677623315e-01 4.101722723543888560e-01 5.306419727395692565e-01 7.291171342526550081e-01 7.835981107771574639e-01 1.244813278008298774e+00 1.400933955970647071e+00 1.734005780019266751e+00 2.001272485395337863e+00 2.300005912611600589e+00
1.668773704171934158e-01 3.230106644790812220e-01 5.046301113307668507e-01 6.974163892851482638e-01 9.231429798196650882e-01 9.718279100240226898e-01 1.139648654658661275e+00 1.501671672238907407e+00 1.688935161085082903e+00 2.116714952994737775e+00
4.045512010113780366e-02 1.640689089417555480e-01 1.664759130163354639e-01 2.958736196967295395e-01 3.381279519106912823e-01 5.132124918104389311e-01 5.781632199243940118e-01 6.460021533405111427e-01 8.039794088726937016e-01 8.809791284810500889e-01
