4.428122461951340405e+00 1.281731762025136168e-01 0.000000000000000000e+00 0.000000000000000000e+00 0.000000000000000000e+00 0.000000000000000000e+00 0.000000000000000000e+00 0.000000000000000000e+00 0.000000000000000000e+00 0.000000000000000000e+00
2.987393622656167125e+01 7.134973475273258536e+00 8.656298265148523186e-01 5.082592121982210803e-02 3.668916935720575173e-03 0.000000000000000000e+00 0.000000000000000000e+00 0.000000000000000000e+00 0.000000000000000000e+00 0.000000000000000000e+00
3.125816589568840698e+01 2.452736141275323334e+01 9.281275816242231969e+00 2.192775458340896932e+00 2.971822717933665925e-01 2.963621545528636117e-02 0.000000000000000000e+00 0.000000000000000000e+00 0.000000000000000000e+00 0.000000000000000000e+00
1.686500229527878858e+01 2.776729447787232274e+01 2.588269099529470907e+01 1.474314757669268339e+01 5.851922512474317273e+00 1.711491442542787178e+00 3.368263473053892398e-01 4.536176003628940995e-02 3.826872297271440362e-03 0.000000000000000000e+00
6.801087609025742609e+00 1.625663118168547783e+01 2.277935418986387006e+01 2.348883644944636018e+01 1.812078074552391982e+01 1.030599392457583185e+01 4.539670658682634752e+00 1.678385121342708119e+00 4.898396540507443664e-01 1.086029012489333617e-01
3.513542144849747473e+00 8.680172321714673345e+00 1.484501275097877304e+01 2.075512797240878626e+01 2.240974464338127348e+01 2.054901089130918024e+01 1.542664670658682802e+01 9.643154154381189613e+00 5.189238835100072222e+00 2.462958653324024638e+00
1.892722200642678043e+00 4.432655677003595862e+00 8.311483064545095445e+00 1.240878562352514081e+01 1.662753155268564953e+01 1.926724457286804437e+01 1.996631736526946099e+01 1.752854010735616797e+01 1.353182044315181187e+01 9.235125281203940162e+00
1.324199300822769265e+00 2.866094634528429275e+00 5.032146833806256936e+00 7.787257215465601234e+00 1.129659524508365109e+01 1.424020152626509450e+01 1.639970059880239361e+01 1.835261208134875588e+01 1.821208526271478334e+01 1.598014118377162340e+01
1.016985063031886849e+00 2.047210453234592720e+00 3.354764555870838105e+00 5.068070430205119159e+00 7.312151452891106906e+00 9.913314069793287331e+00 1.236901197604790426e+01 1.441747939820064950e+01 1.641345528299720513e+01 1.762469940268404400e+01
6.532716550725661264e-01 1.352939082137643689e+00 2.183829603821701770e+00 3.274641495734253116e+00 4.795274434986791512e+00 6.657034896643699184e+00 8.514221556886226949e+00 1.013835336811068188e+01 1.172170984654242076e+01 1.341245830424327146e+01
5.367421166001624666e-01 1.000462847580731340e+00 1.627096727847419322e+00 2.276275186059175670e+00 3.188288817141180065e+00 4.641772245684226306e+00 5.946856287425149823e+00 7.605655099417857556e+00 9.142397918181471184e+00 1.097665037623147910e+01
4.096189837211766105e-01 8.188841812938369991e-01 1.339750727344563686e+00 1.916863314576148003e+00 2.263721749339595135e+00 2.974735126324368206e+00 4.217814371257484929e+00 5.314886217585241823e+00 6.739122115495005616e+00 7.672019238228220850e+00
3.778382005014301326e-01 7.547975931925802184e-01 1.034445601810279669e+00 1.448538754764930214e+00 1.867478720281772864e+00 2.519078313699340654e+00 3.091317365269461437e+00 3.965373856505632233e+00 4.948145880371972005e+00 5.957644868512915970e+00
2.330590769448073751e-01 4.984512407875529294e-01 7.722423763514241202e-01 1.136322381557451466e+00 1.471235691223950814e+00 1.663332592427946954e+00 2.421407185628742464e+00 2.884251908974067913e+00 3.459492556733381630e+00 4.367388100224962599e+00
2.012782937250608972e-01 4.557268487200484275e-01 7.039977012319958982e-01 8.858231984026139205e-01 1.108012914587613640e+00 1.418833814921834469e+00 1.721556886227544991e+00 2.260527708475088549e+00 2.652022502009108162e+00 3.304631138003258251e+00
1.800911049118966156e-01 3.702780645850393126e-01 5.459574009554254426e-01 7.660192412416045871e-01 1.137364250073378491e+00 1.303993480032599850e+00 1.598053892215568705e+00 1.878732894836319556e+00 2.322911484443764163e+00 2.808160732293848216e+00
1.906846993184787564e-01 3.524762345569124600e-01 4.777127258359973316e-01 6.389544381920494454e-01 7.888171411799236310e-01 1.044676594798844116e+00 1.369760479041916001e+00 1.602782187948892378e+00 1.932570510122077367e+00 2.300054301450624727e+00
1.412479254210953772e-01 2.812689144444048828e-01 4.346108257605689751e-01 5.009983663096750917e-01 6.273847960082183928e-01 7.964732903608209291e-01 9.730538922155689274e-01 1.217207227640432432e+00 1.450384600665875823e+00 1.706617019626095688e+00
7.415516084607508274e-02 1.815786662868942858e-01 3.915089256851406740e-01 4.501724450898529906e-01 6.163780452010566568e-01 6.816329554715863104e-01 8.008982035928143839e-01 1.081121947531564098e+00 1.308790325666832510e+00 1.489411217128228992e+00
2.824958508421907682e-02 9.256951614625982816e-02 1.364893502388563606e-01 2.105645307678344347e-01 2.164660992075139734e-01 2.815440468252204398e-01 3.068862275449101840e-01 3.855749603084599464e-01 4.821859094562014891e-01 5.934372818245288173e-01
