5.693734292399687646e+00 2.336863278707921598e-01 0.000000000000000000e+00 0.000000000000000000e+00 0.000000000000000000e+00 0.000000000000000000e+00 0.000000000000000000e+00 0.000000000000000000e+00 0.000000000000000000e+00 0.000000000000000000e+00
3.076234220180836232e+01 7.776726024965982198e+00 1.092713216046752311e+00 7.220216606498194856e-02 0.000000000000000000e+00 0.000000000000000000e+00 0.000000000000000000e+00 0.000000000000000000e+00 0.000000000000000000e+00 0.000000000000000000e+00
2.536037207152554984e+01 2.121221085014494534e+01 9.167833444938210619e+00 2.260241720295087298e+00 2.986237340950402830e-01 2.021972096785064343e-02 0.000000000000000000e+00 0.000000000000000000e+00 0.000000000000000000e+00 0.000000000000000000e+00
1.527284282289048711e+01 2.384192155238714861e+01 2.119072259085651666e+01 1.301522523936587739e+01 5.742015061023111322e+00 1.839994608074408511e+00 4.224417833327515082e-01 8.713015066255219709e-02 3.766336484501525174e-03 0.000000000000000000e+00
6.875234711269029297e+00 1.351831035910785239e+01 1.822304742192731553e+01 1.881337309684507986e+01 1.456764476759283333e+01 9.203342993866685973e+00 4.597982054952344910e+00 1.866037393356325902e+00 5.950811645512410486e-01 1.451549627304825341e-01
4.454458791923043393e+00 9.057563746080576905e+00 1.322517806051013700e+01 1.605713388792968033e+01 1.705076603479615827e+01 1.569050347105210008e+01 1.230667178717313170e+01 8.455255037211834690e+00 5.088320590561560941e+00 2.659866614358572079e+00
2.689430048819943853e+00 5.596639649766313340e+00 8.479941559627441450e+00 1.117250039240307657e+01 1.369449493638016158e+01 1.484801509739165581e+01 1.468072478441503925e+01 1.321110909420947443e+01 1.060600354035629600e+01 8.022754021184779205e+00
1.935465233844642752e+00 4.096905874696799899e+00 6.054057344615571878e+00 8.165123214566001764e+00 1.017917424045702468e+01 1.173080811484801522e+01 1.299095765108403455e+01 1.352695589036122747e+01 1.338932620240292337e+01 1.208316987053746594e+01
1.568593465638270290e+00 3.239069987576169929e+00 4.757411578498812688e+00 6.369486736776015512e+00 8.182939496234743260e+00 1.013682011188245724e+01 1.123485668400656401e+01 1.239426393174804808e+01 1.301269255395277114e+01 1.314633189486072951e+01
1.031285206690354395e+00 2.150505827367922951e+00 3.430328118341754440e+00 4.595824831266677180e+00 5.634900025967281678e+00 6.837635640628159095e+00 8.515169500401494673e+00 9.646033762933381439e+00 1.034989265941019099e+01 1.144370341310317762e+01
8.088511425022388845e-01 1.763000650772052147e+00 2.757655080051135243e+00 3.867524721393815312e+00 4.752012464294988803e+00 6.096245871806969419e+00 7.013930105086757294e+00 8.110364857505899749e+00 9.122066965462693133e+00 9.639074146724205150e+00
6.470809140017910188e-01 1.452404898538720790e+00 2.197601509709624423e+00 3.092136242348140218e+00 3.956764476759283333e+00 4.539327357282469499e+00 5.540620745033690397e+00 6.614630604465419950e+00 7.521373959549546129e+00 8.360141231855628519e+00
6.586359303232515172e-01 1.156599420221262386e+00 1.871918183478419762e+00 2.549050384555014759e+00 3.252401973513373346e+00 4.094493495989754983e+00 4.800474810599448361e+00 5.554547104737701524e+00 6.402772023652593347e+00 7.061592781482935344e+00
5.488632752693763939e-01 1.141809146305389655e+00 1.689292019236622533e+00 2.131533511222728272e+00 2.755777720072708270e+00 3.208195726898968481e+00 3.899731173410606822e+00 4.479941913232892148e+00 5.039358216263041257e+00 5.849352687328364553e+00
3.755380304474680297e-01 8.785422706028516160e-01 1.375783770621537672e+00 1.723434311725003942e+00 2.236432095559595101e+00 2.766731819100896494e+00 3.288761652061585661e+00 3.837357052096569188e+00 4.662724567812888132e+00 5.178501373087485149e+00
3.842042926885634313e-01 8.637519966869786625e-01 1.372740001217507722e+00 1.845864071574321308e+00 2.015710205141521438e+00 2.443216283615286422e+00 2.810459798205495296e+00 3.467053911780722419e+00 3.901924597943580597e+00 4.644958807375441090e+00
3.322067192419909110e-01 7.276814766609477347e-01 1.077494369026602561e+00 1.472296342803327551e+00 1.892365619319657410e+00 2.187099818022510966e+00 2.681283385120273977e+00 3.104011617353421570e+00 3.529057285977929670e+00 3.793644566496665149e+00
2.657653753935927399e-01 6.152753949003134659e-01 8.674742801485360033e-01 1.305917438392717012e+00 1.661905998441963073e+00 1.971422794365437881e+00 2.279789128233774331e+00 2.504991831548375458e+00 3.148657301043274792e+00 3.499411533934876140e+00
2.542103590721321860e-01 4.407501626930130367e-01 7.822487368356972892e-01 1.035944121801914974e+00 1.473643209555959510e+00 1.644537305385185721e+00 2.035401319694166045e+00 2.232710110727899711e+00 2.474483070317502253e+00 3.020792467634366485e+00
8.088511425022387735e-02 2.366443826539667561e-01 3.865587143118037750e-01 4.551875686705383894e-01 6.524279407945987597e-01 7.413897688211902315e-01 9.007436371888419835e-01 9.076057360682519004e-01 1.152498964257466785e+00 1.451549627304825396e+00
