5.479452054794520244e+00 1.920965971459934196e-01 0.000000000000000000e+00 0.000000000000000000e+00 0.000000000000000000e+00 0.000000000000000000e+00 0.000000000000000000e+00 0.000000000000000000e+00 0.000000000000000000e+00 0.000000000000000000e+00
2.776478449716003993e+01 6.689077936333699625e+00 9.316112640271014822e-01 7.259528130671505375e-02 0.000000000000000000e+00 0.000000000000000000e+00 0.000000000000000000e+00 0.000000000000000000e+00 0.000000000000000000e+00 0.000000000000000000e+00
2.376211159371867510e+01 1.918221734357848618e+01 7.975157032959277359e+00 1.989110707803992684e+00 3.010008277522763231e-01 1.561767921286896788e-02 0.000000000000000000e+00 0.000000000000000000e+00 0.000000000000000000e+00 0.000000000000000000e+00
1.628466421650517759e+01 2.272914379802414686e+01 2.009316112640270902e+01 1.198548094373865602e+01 5.380389796071939124e+00 1.842886147118538043e+00 4.527447651386530825e-01 5.871005619391093250e-02 0.000000000000000000e+00 0.000000000000000000e+00
7.584363514868025291e+00 1.378979143798024154e+01 1.723480838450137753e+01 1.711796733212341337e+01 1.315373617277447416e+01 8.355458378884897286e+00 4.333414180612822797e+00 1.786463138471861001e+00 5.988023952095808955e-01 1.169380228478906214e-01
5.011693952555964060e+00 9.865532381997804023e+00 1.322605688474839347e+01 1.544827586206896619e+01 1.624651967792911478e+01 1.472747149773543640e+01 1.169051661411593557e+01 8.068439151220330174e+00 4.738349388180161270e+00 2.176846271476117423e+00
2.953558302706314809e+00 5.714873765093304137e+00 8.582115886795115500e+00 1.162976406533575258e+01 1.294303559334788112e+01 1.393096985787911990e+01 1.354191931441507180e+01 1.243814476222427245e+01 1.050941595070728063e+01 7.529009624898804098e+00
2.398930838623454687e+00 4.527991218441273169e+00 6.507163526007481380e+00 8.079854809437387431e+00 1.050492888855444384e+01 1.172106824925815971e+01 1.259600614439323962e+01 1.264782353434538109e+01 1.227110995400503235e+01 1.183772600521723461e+01
2.145005011693952746e+00 3.773326015367727493e+00 5.335591784882490529e+00 6.976406533575317148e+00 8.337722928738054762e+00 1.036233015773856003e+01 1.144797477564879884e+01 1.218653023567894067e+01 1.250542393473921798e+01 1.299811100116937901e+01
1.289675910457734664e+00 2.524698133918770626e+00 3.768791022655092249e+00 4.842105263157894690e+00 6.193092031003085474e+00 7.113852881461814270e+00 8.505133802247554442e+00 9.703933573764992104e+00 1.043998958604530003e+01 1.047045066114959155e+01
1.129301703975943871e+00 2.030735455543358992e+00 3.218293457548168757e+00 4.152450090744101985e+00 5.011663782075400420e+00 5.692644073090738388e+00 7.138814778882690781e+00 8.060052000335486966e+00 9.259741386791633388e+00 1.034451740577493872e+01
8.620113598396258459e-01 1.927826564215147975e+00 2.801891453172418611e+00 3.549909255898366922e+00 4.191436526450447175e+00 4.982039668905200891e+00 5.570377556795214069e+00 6.508429086639268668e+00 6.864531805953310695e+00 7.915804623549519192e+00
8.286000668225860233e-01 1.591657519209659810e+00 2.096125344060978168e+00 3.375680580762250305e+00 3.815185491760102021e+00 4.693112603467124444e+00 5.230818982941223716e+00 6.391008974251446872e+00 7.012062830860019247e+00 7.061257533507241391e+00
5.613097226862679978e-01 1.138858397365532404e+00 1.757357611687486720e+00 2.112522686025408269e+00 3.077733463767025501e+00 3.646728096204904013e+00 4.082787614196782933e+00 4.805837457015852188e+00 5.814458040440857900e+00 6.566519744535395553e+00
5.679919812896758735e-01 1.104555433589462288e+00 1.580916084409626832e+00 1.974591651542649817e+00 2.663857325607645432e+00 3.115727002967358938e+00 3.476433018028943334e+00 3.925186614107187832e+00 4.738349388180161270e+00 5.253215795628316975e+00
4.209822920147009984e-01 7.958287596048299051e-01 1.340955607311737019e+00 1.843920145190562687e+00 2.392956580630596797e+00 2.818991097922848521e+00 3.282399547255234751e+00 3.765830747295143777e+00 4.104833810639590297e+00 5.217234865521273690e+00
3.274306715669896284e-01 9.261800219538967038e-01 1.242148352036135162e+00 1.633393829401088793e+00 1.956505380389796045e+00 2.467593315633296758e+00 2.975179885196863161e+00 3.363247504822612033e+00 4.018050854812114991e+00 4.110821264729692892e+00
3.207484129635816972e-01 7.683863885839736785e-01 1.002187874938245571e+00 1.226860254083484536e+00 1.783429904432237256e+00 2.077151335311572478e+00 2.514350392109305332e+00 2.734211188459280351e+00 3.210969365616592963e+00 3.894935684087434069e+00
1.871032408954226567e-01 4.871020856201975779e-01 8.822076363893005535e-01 1.357531760435571666e+00 1.271728497253367340e+00 1.702327034202717471e+00 2.077775082868461354e+00 2.432273756604881321e+00 2.803089473227458051e+00 3.139336151839525080e+00
1.202806548613431503e-01 2.401207464324917606e-01 4.234596654668642546e-01 6.315789473684210176e-01 7.750771314621114350e-01 7.340309230048415179e-01 1.083353545153205699e+00 1.123878218569152043e+00 1.110821834591686263e+00 1.367275344067644172e+00
