6.586691658856606679e+00 2.840156019237323193e-01 0.000000000000000000e+00 0.000000000000000000e+00 0.000000000000000000e+00 0.000000000000000000e+00 0.000000000000000000e+00 0.000000000000000000e+00 0.000000000000000000e+00 0.000000000000000000e+00
3.150515463917525949e+01 8.384140568788577497e+00 1.195539717208874642e+00 7.005799244930525915e-02 0.000000000000000000e+00 0.000000000000000000e+00 0.000000000000000000e+00 0.000000000000000000e+00 0.000000000000000000e+00 0.000000000000000000e+00
2.636551077788191222e+01 2.308100124966864897e+01 1.019657431888722954e+01 2.782859144514069794e+00 4.713991443511328927e-01 5.252737484342801660e-02 0.000000000000000000e+00 0.000000000000000000e+00 0.000000000000000000e+00 0.000000000000000000e+00
1.592127460168697084e+01 2.542886355890483685e+01 2.349312181476798145e+01 1.492624450239364897e+01 6.607510695610837814e+00 2.105135561032768887e+00 4.196149415830179308e-01 4.627681952040386959e-02 8.604371020478403242e-03 0.000000000000000000e+00
6.702905342080598849e+00 1.469686068088006969e+01 2.006744070199639651e+01 2.069046043669481705e+01 1.687925843764855216e+01 1.109943836114590532e+01 5.603093631726180135e+00 2.031973075305006482e+00 6.109103424539665816e-01 1.229742193333040606e-01
4.292408622305529775e+00 8.974893020789942000e+00 1.403226424493236912e+01 1.738995057019421608e+01 1.905799397876723233e+01 1.776233383166996660e+01 1.429570511765673757e+01 1.001682793437105623e+01 5.760626398210290766e+00 2.665905397689841472e+00
2.279287722586691434e+00 5.422804559397129687e+00 8.541211633521093916e+00 1.202662203713073730e+01 1.490255110125178106e+01 1.643702775869731880e+01 1.656244857660029624e+01 1.531342027766091718e+01 1.274737566683875301e+01 9.565637489569150276e+00
1.626991565135894824e+00 3.309728481084560858e+00 5.736291527761811615e+00 8.336901101467326214e+00 1.060450007922674764e+01 1.306719463412663096e+01 1.486341945038670254e+01 1.567522086663861991e+01 1.513939081053175073e+01 1.423426588782994529e+01
1.263355201499531288e+00 2.533419169159692341e+00 4.061769552055792154e+00 5.982174133032343022e+00 7.926636032324513081e+00 9.976160652955675445e+00 1.201662004278426821e+01 1.363483382414808531e+01 1.506625365685768436e+01 1.502481444068689775e+01
7.497656982193064978e-01 1.810126102927253955e+00 2.919875847798597768e+00 4.012766123068540303e+00 5.288385358897163435e+00 6.828558729645642700e+00 8.301793648181668317e+00 9.827513672696676750e+00 1.142230252968507997e+01 1.256533005402081749e+01
6.672914714151827464e-01 1.457946756541826039e+00 2.233973253630685551e+00 3.210991320593157283e+00 4.175249564252892398e+00 5.123439330882055387e+00 6.397070923152871735e+00 7.589398401346235445e+00 8.849595594562037704e+00 1.001800693925951968e+01
4.723523898781630814e-01 1.075472412617866524e+00 1.659194543434111102e+00 2.385863853968007042e+00 3.002693709396292210e+00 3.887025738413673270e+00 4.842027316109922097e+00 5.818258308792595201e+00 6.823266219239373598e+00 8.142650094426633345e+00
3.861293345829428514e-01 8.596205551558298019e-01 1.536575085258842011e+00 2.093955552095901673e+00 2.804626842021866295e+00 3.385995393753282734e+00 4.130327464209313959e+00 4.930584770719394605e+00 5.640165203923593218e+00 6.522025561069876076e+00
2.736644798500468823e-01 6.248343242322111912e-01 1.000114955742039458e+00 1.471217841435410456e+00 2.000475360481698495e+00 2.557679098145379637e+00 3.023695902583511508e+00 3.702145561632309789e+00 4.319394252280158497e+00 5.072686547498792109e+00
2.061855670103092952e-01 5.188018328473510410e-01 7.893627620032953596e-01 1.039193554664694652e+00 1.529076216130565768e+00 1.907147763546001684e+00 2.521803521474411891e+00 3.075305006310475431e+00 3.738599208397866303e+00 4.181123457332337701e+00
2.211808809746954041e-01 4.317037149240731675e-01 8.008583362072269063e-01 1.179309539563305309e+00 1.327048011408651584e+00 1.684916562285344810e+00 2.106302451867697823e+00 2.536811106436684948e+00 2.972810187575288143e+00 3.680442707189599538e+00
1.686972820993439537e-01 4.051955920778581577e-01 5.786105682645514836e-01 8.796170163079437554e-01 1.188401204246553489e+00 1.268738130833569011e+00 1.731940102024024819e+00 1.973075305006310343e+00 2.383410772672517552e+00 2.938205454785014936e+00
1.499531396438613107e-01 3.218843488468966507e-01 5.058052649729853911e-01 6.850114817265402500e-01 9.348756140072889131e-01 1.341468342155238469e+00 1.435741319730130083e+00 1.733277240218763060e+00 2.073653415935295286e+00 2.446308577451798527e+00
1.237113402061855577e-01 2.840156019237323193e-01 4.674866842932137723e-01 5.448954968279298150e-01 9.348756140072889131e-01 1.054588064164208694e+00 1.213592233009708643e+00 1.539755994951619744e+00 1.729478575116159211e+00 1.980763318547147378e+00
3.748828491096532767e-02 9.467186730791077309e-02 1.839291872629037761e-01 2.919083018721052580e-01 3.644430359689431187e-01 4.606246717039072514e-01 5.348033569195326242e-01 5.553218342448463796e-01 7.141627946997074483e-01 8.388598533093239995e-01
