5.560842963970088704e+00 2.340791738382099751e-01 0.000000000000000000e+00 0.000000000000000000e+00 0.000000000000000000e+00 0.000000000000000000e+00 0.000000000000000000e+00 0.000000000000000000e+00 0.000000000000000000e+00 0.000000000000000000e+00
3.024473147518694915e+01 7.586919104991393326e+00 1.015192886648463189e+00 7.135721421435706202e-02 0.000000000000000000e+00 0.000000000000000000e+00 0.000000000000000000e+00 0.000000000000000000e+00 0.000000000000000000e+00 0.000000000000000000e+00
2.731475186947654521e+01 2.149397590361445509e+01 8.492613596583350244e+00 1.962323390894819441e+00 2.839047827036471072e-01 5.197119311010468118e-02 0.000000000000000000e+00 0.000000000000000000e+00 0.000000000000000000e+00 0.000000000000000000e+00
1.626784500339904938e+01 2.604475043029260206e+01 2.321641111811244329e+01 1.350792065077779469e+01 5.547062677440488976e+00 1.611106986413245235e+00 3.664401862737613480e-01 5.498821681068342265e-02 8.081461128171972888e-03 0.000000000000000000e+00
6.886471787899388630e+00 1.491222030981067270e+01 2.021284043968353927e+01 2.029399172256315254e+01 1.589138822159132403e+01 9.310268022867324689e+00 4.435453088021986900e+00 1.696779261586802923e+00 4.283174397931145960e-01 1.246882793017456276e-01
4.343983684568320847e+00 9.039586919104991125e+00 1.349156339704543939e+01 1.758241758241758390e+01 1.867219917012448249e+01 1.709109807706585471e+01 1.296282158943430929e+01 8.232521602513747538e+00 4.460966542750929520e+00 1.895261845386533528e+00
2.562882392929979325e+00 5.487091222030981541e+00 9.087726668066933300e+00 1.214499785928357412e+01 1.476304870058964802e+01 1.700942905932140548e+01 1.703946866172990227e+01 1.534956794972505989e+01 1.222725068692419548e+01 8.445552784704904781e+00
1.651937457511896579e+00 3.662650602409638800e+00 5.909122733319330578e+00 8.298844013129727415e+00 1.039528281284123246e+01 1.248051080258371037e+01 1.463470493930834415e+01 1.577376276512175934e+01 1.594472280588330548e+01 1.446384039900249441e+01
1.189666893269884396e+00 2.939759036144578452e+00 4.718896590352166243e+00 6.336520622234907307e+00 8.080366892334572171e+00 9.562699532259262725e+00 1.128330406901290139e+01 1.311861743912018952e+01 1.371423953450783806e+01 1.482959268495428162e+01
9.925220938137321314e-01 1.955249569707400825e+00 3.108590632220121552e+00 4.431283002711574603e+00 5.874645119021620232e+00 7.149751280718687596e+00 8.420490113749140804e+00 9.560094265514532452e+00 1.131404557944076217e+01 1.204488778054862763e+01
7.885791978246091682e-01 1.555938037865748580e+00 2.457466918714555693e+00 3.553589267874981861e+00 4.469680425129213042e+00 5.575766575098374034e+00 6.832582639896175536e+00 7.996857816182247447e+00 9.156295458218846051e+00 1.059019118869492893e+01
5.438477226376614571e-01 1.149741824440619453e+00 1.820345865714485756e+00 2.633081204509776008e+00 3.574288418140787904e+00 4.194817729601306056e+00 4.870600809222078276e+00 6.048703849175176117e+00 7.216744787457572308e+00 8.354114713216958421e+00
3.806934058463630199e-01 1.005163511187607606e+00 1.512287334593572785e+00 2.311973740545169242e+00 2.948241974230181306e+00 3.415249832949736497e+00 4.160622948316665237e+00 5.035349567949724658e+00 5.915629545821884605e+00 6.891105569409808673e+00
2.651257647858599187e-01 7.986230636833047125e-01 1.162220821956171601e+00 1.691165976880262489e+00 2.438669287326199253e+00 2.828717796421412078e+00 3.366669211390182159e+00 3.943440691280439836e+00 4.654921609827057161e+00 5.469659185369908805e+00
2.447314751869476834e-01 5.370051635111876553e-01 1.015192886648463189e+00 1.334379905808477318e+00 1.885418941544733329e+00 2.576286287029474931e+00 2.786472249790060474e+00 3.228593872741555071e+00 3.741716502343623407e+00 4.256026600166251228e+00
1.563562202583276550e-01 4.750430292598967763e-01 8.471609605825106692e-01 1.155986870272584621e+00 1.747106355099366626e+00 2.175365654465810206e+00 2.519276280632109177e+00 2.953652788688138298e+00 3.345724907063196696e+00 3.857024106400665175e+00
2.583276682528891643e-01 3.580034423407917332e-01 6.581250437583141544e-01 9.561866704723847032e-01 1.273931717259954910e+00 1.885811864280941386e+00 2.168104435453087842e+00 2.340926944226237261e+00 2.836592855988362860e+00 3.175394846217789002e+00
1.903467029231815100e-01 3.993115318416523563e-01 5.250997689561016646e-01 7.207078635650063791e-01 1.011865763995049905e+00 1.514589056351622220e+00 1.916176807389877279e+00 2.097407698350353122e+00 2.238564732503636634e+00 2.510390689941812248e+00
1.223657375934738417e-01 2.616179001721170017e-01 5.250997689561016646e-01 7.278435849864421936e-01 8.225959088592851298e-01 1.098819511470784827e+00 1.427589892358195334e+00 1.869599371563236412e+00 1.915306287376757677e+00 2.128013300083125614e+00
3.399048266485384107e-02 1.032702237521514466e-01 2.240425680879367110e-01 2.854288568574282481e-01 3.203028317682172221e-01 4.677407379909421237e-01 8.092220780212230347e-01 6.991358994501177815e-01 8.808792629707450361e-01 9.642560266001662939e-01
