5.487089201877934030e+00 2.133455870285883016e-01 0.000000000000000000e+00 0.000000000000000000e+00 0.000000000000000000e+00 0.000000000000000000e+00 0.000000000000000000e+00 0.000000000000000000e+00 0.000000000000000000e+00 0.000000000000000000e+00
3.261932707355242655e+01 8.625726195555847298e+00 1.094902583440838795e+00 7.685881370091895981e-02 3.378720816298948996e-03 0.000000000000000000e+00 0.000000000000000000e+00 0.000000000000000000e+00 0.000000000000000000e+00 0.000000000000000000e+00
2.864175795513823530e+01 2.518790822857517853e+01 1.110118752274155618e+01 2.683375104427736080e+00 4.020677771395749778e-01 2.736071685078149060e-02 3.463923239461013347e-03 0.000000000000000000e+00 0.000000000000000000e+00 0.000000000000000000e+00
1.585485133020344328e+01 2.710473627203203861e+01 2.646290231881181398e+01 1.709273182957393544e+01 7.544683582795554067e+00 2.390642634837032876e+00 5.542277183137621632e-01 1.297926824990353056e-01 3.200000000000000067e-02 7.210845111047014047e-03
6.458659363588941105e+00 1.438277480552729237e+01 2.128609705269425589e+01 2.338847117794486152e+01 1.962361050106429872e+01 1.296555969766407834e+01 6.442897225397485883e+00 2.701090960115059225e+00 8.959999999999999076e-01 2.884338044418806035e-01
3.742827334376629622e+00 8.287655496110545528e+00 1.375078561741258909e+01 1.864327485380117011e+01 2.134675811737675843e+01 2.085912650911453881e+01 1.740275035505213097e+01 1.179008664538534390e+01 7.004444444444445139e+00 3.544130372079607572e+00
2.034428794992175327e+00 4.627958118620146166e+00 7.568390063180179261e+00 1.149874686716792027e+01 1.500152042436733524e+01 1.742877663394780896e+01 1.897883542900689235e+01 1.829375241168835942e+01 1.547377777777777830e+01 1.170680703778482901e+01
1.353025560772039615e+00 3.223159484031903332e+00 4.898944791770037277e+00 7.314954051796157763e+00 1.026793256073250760e+01 1.295529942884503427e+01 1.495722054799265521e+01 1.661697127021433573e+01 1.731200000000000117e+01 1.643351600807614687e+01
1.105242566510172164e+00 2.307414579709193614e+00 3.856968012966822457e+00 5.279866332497911152e+00 7.159509409737473185e+00 9.381305790211703410e+00 1.164917385430738861e+01 1.390886448942364950e+01 1.523200000000000109e+01 1.646235938852033343e+01
7.563901930099112825e-01 1.421209833590442173e+00 2.510667857497270727e+00 3.197994987468671724e+00 4.429502990167922150e+00 5.930435377406888087e+00 7.627558973293151467e+00 9.046900761216543074e+00 1.107199999999999918e+01 1.231972887222382518e+01
5.542514345331246428e-01 1.155348409754816785e+00 1.763090866990837169e+00 2.810359231411863057e+00 3.517248369767206562e+00 4.524778549197989719e+00 5.743184731026360623e+00 7.061423510015083949e+00 8.458666666666667666e+00 1.008076146524372518e+01
3.684141888367240547e-01 8.993337053205107123e-01 1.286758625252224508e+00 1.878028404344193936e+00 2.588100145284995435e+00 3.266185574062040242e+00 4.000831341577470113e+00 5.089977900164871727e+00 5.973333333333333606e+00 7.109893279492355944e+00
1.890975482524778206e-01 6.958348376932419477e-01 1.114749760179947646e+00 1.487050960735171179e+00 2.054262256309761003e+00 2.534286398303635224e+00 3.242232152135508638e+00 4.037604798821341490e+00 4.924444444444444180e+00 5.840784539948081999e+00
2.217005738132498960e-01 4.398201332589358747e-01 8.666600509410868902e-01 1.112781954887218205e+00 1.591377504476805260e+00 1.990492150894353607e+00 2.293117184523191021e+00 2.785280808222541538e+00 3.520000000000000018e+00 4.193106432073839152e+00
1.597548252477830055e-01 3.610463780483801899e-01 5.491052231153451535e-01 9.657477025898077994e-01 1.175794844072034273e+00 1.501419337186634451e+00 1.967508400013855852e+00 2.276633809239835493e+00 2.766222222222222360e+00 3.403518892414191033e+00
1.401930099113197770e-01 4.069977352545377514e-01 5.656445370646026038e-01 7.184628237259815808e-01 9.967226408081900635e-01 1.303054140018468532e+00 1.569157227475838967e+00 1.960921878836776822e+00 2.325333333333333474e+00 2.613931352754542914e+00
1.010693792383933198e-01 2.396035054321068725e-01 5.358737719559392154e-01 6.048454469507100750e-01 8.649525289725309429e-01 1.128629570094736412e+00 1.288579445079496955e+00 1.504893534921247333e+00 1.802666666666666639e+00 2.217334871646956973e+00
9.454877412623891031e-02 1.936521482259493943e-01 3.903278092024742851e-01 5.614035087719297934e-01 5.676250971382235111e-01 8.276616847361399909e-01 1.122311129585368494e+00 1.255831900936612122e+00 1.386666666666666714e+00 1.712575713873665917e+00
8.476786645800729603e-02 1.641119900219910055e-01 2.877840627170785148e-01 4.945697577276524926e-01 6.115484677501097366e-01 7.011183693012756901e-01 7.759188056392670729e-01 1.126039218437576706e+00 1.354666666666666686e+00 1.420536486876261995e+00
3.260302556077204067e-02 6.236255620835658153e-02 1.091594720650987393e-01 1.904761904761904656e-01 2.534040612224212063e-01 2.838674373268579298e-01 3.810315563407115080e-01 4.139334198617883320e-01 4.657777777777777906e-01 6.453706374387078171e-01
