5.388980097353034182e+00 1.765608266520015124e-01 0.000000000000000000e+00 0.000000000000000000e+00 0.000000000000000000e+00 0.000000000000000000e+00 0.000000000000000000e+00 0.000000000000000000e+00 0.000000000000000000e+00 0.000000000000000000e+00
3.298194072409919642e+01 8.477814119077251576e+00 1.086101971289636925e+00 9.667496704262487639e-02 5.901794145420208131e-03 0.000000000000000000e+00 0.000000000000000000e+00 0.000000000000000000e+00 0.000000000000000000e+00 0.000000000000000000e+00
2.965235173824131110e+01 2.667515702335813188e+01 1.149288064525521946e+01 2.703969532737659165e+00 4.514872521246459103e-01 3.570684678787157396e-02 0.000000000000000000e+00 0.000000000000000000e+00 0.000000000000000000e+00 0.000000000000000000e+00
1.606037040237334068e+01 2.815421575154129030e+01 2.753981888594473304e+01 1.803427567013329380e+01 7.725448536355052020e+00 2.407236587615675383e+00 5.459890802183956504e-01 8.179835191468734501e-02 1.224252440853304015e-02 3.095304423190020464e-03
6.454678994210662601e+00 1.471243740773973130e+01 2.283725941239844914e+01 2.506225281968653817e+01 2.125236071765816703e+01 1.350016365638111182e+01 6.749865002699946714e+00 2.569074163839069502e+00 8.386129219845132043e-01 2.290525273160615438e-01
3.369912727901148930e+00 7.745520854438622926e+00 1.348164109134321365e+01 1.903325032957375029e+01 2.249173748819641006e+01 2.274228583330853581e+01 1.873762524749504976e+01 1.290596219098400432e+01 7.388363480549689832e+00 3.578171913207663923e+00
1.653273423773726103e+00 4.254826478335118622e+00 7.401799493346533865e+00 1.145744836677896572e+01 1.551876770538243555e+01 1.868955872288511344e+01 2.043859122817543650e+01 2.014360155113911688e+01 1.731705077586998698e+01 1.317671092951991874e+01
1.178029321121000006e+00 2.665779038467104733e+00 4.722942084267535812e+00 6.717445437234509598e+00 9.555004721435315318e+00 1.267295503912875176e+01 1.558468830623387724e+01 1.770479883664566145e+01 1.879839622930248311e+01 1.873587767356919542e+01
8.496788501972983854e-01 1.936380213609655732e+00 3.153481058731037123e+00 4.898198330159660330e+00 6.736898016997167282e+00 8.712470616240663546e+00 1.115077698446031107e+01 1.349975763451284649e+01 1.541333823034309525e+01 1.700250719658278342e+01
6.106166652265330175e-01 1.285131262844076527e+00 1.921789010861019831e+00 2.894389922367071932e+00 4.193224740321057631e+00 5.582170381170589835e+00 7.052858942821144339e+00 8.949345613184682691e+00 1.085911915036880693e+01 1.228526325564119226e+01
4.406808951870733182e-01 9.985817245072217130e-01 1.639344262295082011e+00 2.314340120111322729e+00 3.051227573182247355e+00 3.924777576100217047e+00 5.156896862062758657e+00 6.268177411536597354e+00 7.856640039176078893e+00 9.279722660723683347e+00
3.283504709237017316e-01 7.149266259515469901e-01 1.150161604985004082e+00 1.529222205946975333e+00 2.118744098205854520e+00 2.993423989049900147e+00 3.614927701445971309e+00 4.480731943771207426e+00 5.392832001958804078e+00 6.617760856780263268e+00
2.765056597252225079e-01 5.904657153607919540e-01 9.259528870512185872e-01 1.455983594551047311e+00 1.835457979225684655e+00 2.341774035171244162e+00 2.855942881142377487e+00 3.599127484246243736e+00 4.162458298901233533e+00 4.940105859411272782e+00
1.468936317290244487e-01 4.283770876146921758e-01 6.900969629910025382e-01 9.696792148820857493e-01 1.283640226628895098e+00 1.645490522807748324e+00 2.195956080878382455e+00 2.544837615123606511e+00 2.977994062375661777e+00 3.692698176865695014e+00
1.670555027506552548e-01 2.720773394309531357e-01 5.037416649681157876e-01 7.089497583125823343e-01 9.974032105760151090e-01 1.297348766626000627e+00 1.661966760664786769e+00 2.087372758119244054e+00 2.552566339179138666e+00 2.810536416256538939e+00
1.382528298626112540e-01 2.865495383368549254e-01 4.804472527152549577e-01 7.001611249450711005e-01 8.764164305949009304e-01 1.100961109292706963e+00 1.346973060538789291e+00 1.769268056228793018e+00 2.148563033697548530e+00 2.466957625282446553e+00
1.180909588409804339e-01 2.286607427132478776e-01 3.639751914509506969e-01 5.390361798740296306e-01 6.521482530689329815e-01 8.361353289493260732e-01 1.007979840403192107e+00 1.199709161415414282e+00 1.640498270743427245e+00 1.984090135264803267e+00
8.352775137532762739e-02 1.823497062143622227e-01 2.766211455027225430e-01 3.954885015380108504e-01 6.167374881964117206e-01 7.052102240604636307e-01 8.429831403371932375e-01 9.967280659234125650e-01 1.267101276283169486e+00 1.519794471786300116e+00
6.624614764250122412e-02 1.678775073084604608e-01 2.416795271234312703e-01 3.486157902446169743e-01 4.337818696883852798e-01 5.802362603029130872e-01 7.649847003059938588e-01 8.694861851672320840e-01 9.487956416613105848e-01 1.194787507351348088e+00
3.456320746565281349e-02 4.631103649888564100e-02 9.026584747983577850e-02 1.406181338801816283e-01 2.036118980169971671e-01 2.320945041211652238e-01 2.909941801163976605e-01 3.302229762481822539e-01 4.254277231965231665e-01 4.828674900176432305e-01
